127
235
184
204
135
219
148
213
400
303
122
286
155
136
131
318
359
143
291
181
162
176
84
360
310
225
70
195
212
335
230
310
309
110
120
120
312
99
220
180
179
130
240
169
138
271
40
134
258
310
97
115
152
396
112
72
205
297
239
58
75
159
319
206
95
270
80
141
198
104
166
277
122
96
140
166
77
92
126
40
223
117
61
326
216
110
105
107
229
374
232
189
262
86
280
194
197
246
89
54
186
100
78
210
99
305
159
177
175
190
187
159
111
111
145
87
359
211
66
123
124
92
20
335
346
157
141
109
199
211
212
266
254
81
208
94
174
275
35
78
45
68
141
233
220
128
150
48
177
160
125
170
124
226
333
170
140
224
26
319
100
242
202
102
191
163
164
145
194
138
119
28
138
50
250
65
167
171
129
389
171
122
213
243
230
90
200
114
185
227
90
141
190
134
221
190
181
290
234
121
